Unix      SURVEY29/01/2409.26.35NotBatch       1       F      35
XFEL G1 to G1D                                                                  
    INITIAL             0.000000 0.000000000E+00 0.000000000E+00 0.000000000E+00 0.000000000E+00                   5.000000000E-03
 0.000000000E+00 0.000000000E+00 0.000000000E+00 0.000000000E+00 0.000000000E+00
 0.000000000E+00-2.750000000E+00 2.320000000E+01 0.000000000E+00
 0.000000000E+00 0.000000000E+00 0.000000000E+00
MARKSTSEC.I1.I1         0.000000 0.000000000E+00 0.000000000E+00 0.000000000E+00 0.000000000E+00                   5.000000000E-03
 0.000000000E+00 0.000000000E+00 0.000000000E+00 0.000000000E+00 0.000000000E+00
 0.000000000E+00-2.750000000E+00 2.320000000E+01 0.000000000E+00
 0.000000000E+00 0.000000000E+00 0.000000000E+00
MARKSTSUB.G1.I1         0.000000 0.000000000E+00 0.000000000E+00 0.000000000E+00 0.000000000E+00                   5.000000000E-03
 0.000000000E+00 0.000000000E+00 0.000000000E+00 0.000000000E+00 0.000000000E+00
 0.000000000E+00-2.750000000E+00 2.320000000E+01 0.000000000E+00
 0.000000000E+00 0.000000000E+00 0.000000000E+00
MARKGUN.I1              0.000000 0.000000000E+00 0.000000000E+00 0.000000000E+00 0.000000000E+00                   5.000000000E-03
 0.000000000E+00 0.000000000E+00 0.000000000E+00 0.000000000E+00 0.000000000E+00
 0.000000000E+00-2.750000000E+00 2.320000000E+01 0.000000000E+00
 0.000000000E+00 0.000000000E+00 0.000000000E+00
SOLESOLA.1.I1           0.000000 0.000000000E+00 0.000000000E+00 0.000000000E+00 0.000000000E+00                   5.000000000E-03
 0.000000000E+00 0.000000000E+00 0.000000000E+00 0.000000000E+00 0.000000000E+00
 0.000000000E+00-2.750000000E+00 2.320000000E+01 0.000000000E+00
 0.000000000E+00 0.000000000E+00 0.000000000E+00
DRIFD0276               0.276000 0.000000000E+00 0.000000000E+00 0.000000000E+00 0.000000000E+00                   5.000000000E-03
 0.000000000E+00 0.000000000E+00 0.000000000E+00 0.000000000E+00 0.000000000E+00
 0.000000000E+00-2.750000000E+00 2.347600000E+01 2.760000000E-01
 0.000000000E+00 0.000000000E+00 0.000000000E+00
SOLESOLB.1.I1           0.000000 0.000000000E+00 0.000000000E+00 0.000000000E+00 0.000000000E+00                   5.000000000E-03
 0.000000000E+00 0.000000000E+00 0.000000000E+00 0.000000000E+00 0.000000000E+00
 0.000000000E+00-2.750000000E+00 2.347600000E+01 2.760000000E-01
 0.000000000E+00 0.000000000E+00 0.000000000E+00
QUADQLN.23.I1           0.050000 0.000000000E+00 0.000000000E+00 0.000000000E+00 0.000000000E+00                   5.000000000E-03
 0.000000000E+00 0.000000000E+00 0.000000000E+00 0.000000000E+00 0.000000000E+00
 0.000000000E+00-2.750000000E+00 2.352600000E+01 3.260000000E-01
 0.000000000E+00 0.000000000E+00 0.000000000E+00
QUADQLS.23.I1           0.050000 0.000000000E+00 0.000000000E+00 0.000000000E+00 0.000000000E+00                   5.000000000E-03
 7.853981634E-01 0.000000000E+00 0.000000000E+00 0.000000000E+00 0.000000000E+00
 0.000000000E+00-2.750000000E+00 2.357600000E+01 3.760000000E-01
 0.000000000E+00 0.000000000E+00 0.000000000E+00
DRIFD0169               0.169000 0.000000000E+00 0.000000000E+00 0.000000000E+00 0.000000000E+00                   5.000000000E-03
 0.000000000E+00 0.000000000E+00 0.000000000E+00 0.000000000E+00 0.000000000E+00
 0.000000000E+00-2.750000000E+00 2.374500000E+01 5.450000000E-01
 0.000000000E+00 0.000000000E+00 0.000000000E+00
DRIFD0047               0.047000 0.000000000E+00 0.000000000E+00 0.000000000E+00 0.000000000E+00                   5.000000000E-03
 0.000000000E+00 0.000000000E+00 0.000000000E+00 0.000000000E+00 0.000000000E+00
 0.000000000E+00-2.750000000E+00 2.379200000E+01 5.920000000E-01
 0.000000000E+00 0.000000000E+00 0.000000000E+00
HKICCKX.I1              0.025000 0.000000000E+00 0.000000000E+00 0.000000000E+00 0.000000000E+00                   5.000000000E-03
 0.000000000E+00 0.000000000E+00 0.000000000E+00 0.000000000E+00 0.000000000E+00
 0.000000000E+00-2.750000000E+00 2.381700000E+01 6.170000000E-01
 0.000000000E+00 0.000000000E+00 0.000000000E+00
VKICCKY.I1              0.025000 0.000000000E+00 0.000000000E+00 0.000000000E+00 0.000000000E+00                   5.000000000E-03
 0.000000000E+00 0.000000000E+00 0.000000000E+00 0.000000000E+00 0.000000000E+00
 0.000000000E+00-2.750000000E+00 2.384200000E+01 6.420000000E-01
 0.000000000E+00 0.000000000E+00 0.000000000E+00
DRIFD0108               0.108000 0.000000000E+00 0.000000000E+00 0.000000000E+00 0.000000000E+00                   5.000000000E-03
 0.000000000E+00 0.000000000E+00 0.000000000E+00 0.000000000E+00 0.000000000E+00
 0.000000000E+00-2.750000000E+00 2.395000000E+01 7.500000000E-01
 0.000000000E+00 0.000000000E+00 0.000000000E+00
VKICKDC.I1              0.200000 0.000000000E+00 0.000000000E+00 0.000000000E+00 0.000000000E+00                   5.000000000E-03
 0.000000000E+00 0.000000000E+00 0.000000000E+00 0.000000000E+00 0.000000000E+00
 0.000000000E+00-2.750000000E+00 2.415000000E+01 9.500000000E-01
 0.000000000E+00 0.000000000E+00 0.000000000E+00
DRIFD0003               0.003000 0.000000000E+00 0.000000000E+00 0.000000000E+00 0.000000000E+00                   5.000000000E-03
 0.000000000E+00 0.000000000E+00 0.000000000E+00 0.000000000E+00 0.000000000E+00
 0.000000000E+00-2.750000000E+00 2.415300000E+01 9.530000000E-01
 0.000000000E+00 0.000000000E+00 0.000000000E+00
HKICCKX.I1              0.025000 0.000000000E+00 0.000000000E+00 0.000000000E+00 0.000000000E+00                   5.000000000E-03
 0.000000000E+00 0.000000000E+00 0.000000000E+00 0.000000000E+00 0.000000000E+00
 0.000000000E+00-2.750000000E+00 2.417800000E+01 9.780000000E-01
 0.000000000E+00 0.000000000E+00 0.000000000E+00
VKICCKY.I1              0.025000 0.000000000E+00 0.000000000E+00 0.000000000E+00 0.000000000E+00                   5.000000000E-03
 0.000000000E+00 0.000000000E+00 0.000000000E+00 0.000000000E+00 0.000000000E+00
 0.000000000E+00-2.750000000E+00 2.420300000E+01 1.003000000E+00
 0.000000000E+00 0.000000000E+00 0.000000000E+00
DRIFD0047               0.047000 0.000000000E+00 0.000000000E+00 0.000000000E+00 0.000000000E+00                   5.000000000E-03
 0.000000000E+00 0.000000000E+00 0.000000000E+00 0.000000000E+00 0.000000000E+00
 0.000000000E+00-2.750000000E+00 2.425000000E+01 1.050000000E+00
 0.000000000E+00 0.000000000E+00 0.000000000E+00
MONIBPMG.I1             0.000000 0.000000000E+00 0.000000000E+00 0.000000000E+00 0.000000000E+00                   5.000000000E-03
 0.000000000E+00 0.000000000E+00 0.000000000E+00 0.000000000E+00 0.000000000E+00
 0.000000000E+00-2.750000000E+00 2.425000000E+01 1.050000000E+00
 0.000000000E+00 0.000000000E+00 0.000000000E+00
DRIFD0150               0.150000 0.000000000E+00 0.000000000E+00 0.000000000E+00 0.000000000E+00                   5.000000000E-03
 0.000000000E+00 0.000000000E+00 0.000000000E+00 0.000000000E+00 0.000000000E+00
 0.000000000E+00-2.750000000E+00 2.440000000E+01 1.200000000E+00
 0.000000000E+00 0.000000000E+00 0.000000000E+00
MARKSCRN.I1             0.000000 0.000000000E+00 0.000000000E+00 0.000000000E+00 0.000000000E+00                   5.000000000E-03
 0.000000000E+00 0.000000000E+00 0.000000000E+00 0.000000000E+00 0.000000000E+00
 0.000000000E+00-2.750000000E+00 2.440000000E+01 1.200000000E+00
 0.000000000E+00 0.000000000E+00 0.000000000E+00
MARKFCUP.I1             0.000000 0.000000000E+00 0.000000000E+00 0.000000000E+00 0.000000000E+00                   5.000000000E-03
 0.000000000E+00 0.000000000E+00 0.000000000E+00 0.000000000E+00 0.000000000E+00
 0.000000000E+00-2.750000000E+00 2.440000000E+01 1.200000000E+00
 0.000000000E+00 0.000000000E+00 0.000000000E+00
DRIFD01988              0.198782 0.000000000E+00 0.000000000E+00 0.000000000E+00 0.000000000E+00                   5.000000000E-03
 0.000000000E+00 0.000000000E+00 0.000000000E+00 0.000000000E+00 0.000000000E+00
 0.000000000E+00-2.750000000E+00 2.459878200E+01 1.398782000E+00
 0.000000000E+00 0.000000000E+00 0.000000000E+00
MARKENSUB.G1.I1         0.000000 0.000000000E+00 0.000000000E+00 0.000000000E+00 0.000000000E+00                   5.000000000E-03
 0.000000000E+00 0.000000000E+00 0.000000000E+00 0.000000000E+00 0.000000000E+00
 0.000000000E+00-2.750000000E+00 2.459878200E+01 1.398782000E+00
 0.000000000E+00 0.000000000E+00 0.000000000E+00
MARKSTSUB.G1D.I1        0.000000 0.000000000E+00 0.000000000E+00 0.000000000E+00 0.000000000E+00                   5.000000000E-03
 0.000000000E+00 0.000000000E+00 0.000000000E+00 0.000000000E+00 0.000000000E+00
 0.000000000E+00-2.750000000E+00 2.459878200E+01 1.398782000E+00
 0.000000000E+00 0.000000000E+00 0.000000000E+00
SBENBK.1.I1             0.300000 1.047197551E+00 0.000000000E+00 0.000000000E+00 0.000000000E+00                   5.000000000E-03
 0.000000000E+00 0.000000000E+00 0.000000000E+00 0.000000000E+00 0.000000000E+00
-1.432394488E-01-2.750000000E+00 2.484688000E+01 1.698782000E+00
-1.047197551E+00 0.000000000E+00 0.000000000E+00
DRIFD02335              0.233520 0.000000000E+00 0.000000000E+00 0.000000000E+00 0.000000000E+00                   5.000000000E-03
 0.000000000E+00 0.000000000E+00 0.000000000E+00 0.000000000E+00 0.000000000E+00
-3.454737011E-01-2.750000000E+00 2.496364000E+01 1.932302000E+00
-1.047197551E+00 0.000000000E+00 0.000000000E+00
MARKFCUP.I1             0.000000 0.000000000E+00 0.000000000E+00 0.000000000E+00 0.000000000E+00                   5.000000000E-03
 0.000000000E+00 0.000000000E+00 0.000000000E+00 0.000000000E+00 0.000000000E+00
-3.454737011E-01-2.750000000E+00 2.496364000E+01 1.932302000E+00
-1.047197551E+00 0.000000000E+00 0.000000000E+00
MARKSCRN.I1             0.000000 0.000000000E+00 0.000000000E+00 0.000000000E+00 0.000000000E+00                   5.000000000E-03
 0.000000000E+00 0.000000000E+00 0.000000000E+00 0.000000000E+00 0.000000000E+00
-3.454737011E-01-2.750000000E+00 2.496364000E+01 1.932302000E+00
-1.047197551E+00 0.000000000E+00 0.000000000E+00
DRIFD0088               0.088000 0.000000000E+00 0.000000000E+00 0.000000000E+00 0.000000000E+00                   5.000000000E-03
 0.000000000E+00 0.000000000E+00 0.000000000E+00 0.000000000E+00 0.000000000E+00
-4.216839366E-01-2.750000000E+00 2.500764000E+01 2.020302000E+00
-1.047197551E+00 0.000000000E+00 0.000000000E+00
MONIBPMG.I1             0.000000 0.000000000E+00 0.000000000E+00 0.000000000E+00 0.000000000E+00                   5.000000000E-03
 0.000000000E+00 0.000000000E+00 0.000000000E+00 0.000000000E+00 0.000000000E+00
-4.216839366E-01-2.750000000E+00 2.500764000E+01 2.020302000E+00
-1.047197551E+00 0.000000000E+00 0.000000000E+00
DRIFD0100               0.100000 0.000000000E+00 0.000000000E+00 0.000000000E+00 0.000000000E+00                   5.000000000E-03
 0.000000000E+00 0.000000000E+00 0.000000000E+00 0.000000000E+00 0.000000000E+00
-5.082864770E-01-2.750000000E+00 2.505764000E+01 2.120302000E+00
-1.047197551E+00 0.000000000E+00 0.000000000E+00
MARKFCUP.I1             0.000000 0.000000000E+00 0.000000000E+00 0.000000000E+00 0.000000000E+00                   5.000000000E-03
 0.000000000E+00 0.000000000E+00 0.000000000E+00 0.000000000E+00 0.000000000E+00
-5.082864770E-01-2.750000000E+00 2.505764000E+01 2.120302000E+00
-1.047197551E+00 0.000000000E+00 0.000000000E+00
MARKENSUB.G1D.I1        0.000000 0.000000000E+00 0.000000000E+00 0.000000000E+00 0.000000000E+00                   5.000000000E-03
 0.000000000E+00 0.000000000E+00 0.000000000E+00 0.000000000E+00 0.000000000E+00
-5.082864770E-01-2.750000000E+00 2.505764000E+01 2.120302000E+00
-1.047197551E+00 0.000000000E+00 0.000000000E+00

                                 2.120302000E+00
