Unix       TWISS29/01/2409.26.35NotBatch       1       F      35
XFEL G1 to G1D                                                                  
    INITIAL             0.000000 0.000000000E+00 0.000000000E+00 0.000000000E+00 0.000000000E+00                   5.000000000E-03
 0.000000000E+00 0.000000000E+00 0.000000000E+00 0.000000000E+00 0.000000000E+00
 1.351968295E+01 3.574182283E+01 5.601755913E-01 0.000000000E+00 0.000000000E+00
 1.351968295E+01 3.574182283E+01 5.601755913E-01 0.000000000E+00 0.000000000E+00
 0.000000000E+00 0.000000000E+00 0.000000000E+00 0.000000000E+00 0.000000000E+00
MARKSTSEC.I1.I1         0.000000 0.000000000E+00 0.000000000E+00 0.000000000E+00 0.000000000E+00                   5.000000000E-03
 0.000000000E+00 0.000000000E+00 0.000000000E+00 0.000000000E+00 0.000000000E+00
 1.351968295E+01 3.574182283E+01 5.601755913E-01 0.000000000E+00 0.000000000E+00
 1.351968295E+01 3.574182283E+01 5.601755913E-01 0.000000000E+00 0.000000000E+00
 0.000000000E+00 0.000000000E+00 0.000000000E+00 0.000000000E+00 0.000000000E+00
MARKSTSUB.G1.I1         0.000000 0.000000000E+00 0.000000000E+00 0.000000000E+00 0.000000000E+00                   5.000000000E-03
 0.000000000E+00 0.000000000E+00 0.000000000E+00 0.000000000E+00 0.000000000E+00
 1.351968295E+01 3.574182283E+01 5.601755913E-01 0.000000000E+00 0.000000000E+00
 1.351968295E+01 3.574182283E+01 5.601755913E-01 0.000000000E+00 0.000000000E+00
 0.000000000E+00 0.000000000E+00 0.000000000E+00 0.000000000E+00 0.000000000E+00
MARKGUN.I1              0.000000 0.000000000E+00 0.000000000E+00 0.000000000E+00 0.000000000E+00                   5.000000000E-03
 0.000000000E+00 0.000000000E+00 0.000000000E+00 0.000000000E+00 0.000000000E+00
 1.351968295E+01 3.574182283E+01 5.601755913E-01 0.000000000E+00 0.000000000E+00
 1.351968295E+01 3.574182283E+01 5.601755913E-01 0.000000000E+00 0.000000000E+00
 0.000000000E+00 0.000000000E+00 0.000000000E+00 0.000000000E+00 0.000000000E+00
SOLESOLA.1.I1           0.000000 0.000000000E+00 0.000000000E+00 0.000000000E+00 0.000000000E+00                   5.000000000E-03
 0.000000000E+00 0.000000000E+00 0.000000000E+00 0.000000000E+00 0.000000000E+00
 1.351968295E+01 3.574182283E+01 5.601755913E-01 0.000000000E+00 0.000000000E+00
 1.351968295E+01 3.574182283E+01 5.601755913E-01 0.000000000E+00 0.000000000E+00
 0.000000000E+00 0.000000000E+00 0.000000000E+00 0.000000000E+00 0.000000000E+00
DRIFD0276               0.276000 0.000000000E+00 0.000000000E+00 0.000000000E+00 0.000000000E+00                   5.000000000E-03
 0.000000000E+00 0.000000000E+00 0.000000000E+00 0.000000000E+00 0.000000000E+00
 1.210051123E+01 2.867064923E+01 5.615478231E-01 0.000000000E+00 0.000000000E+00
 1.210051123E+01 2.867064923E+01 5.615478231E-01 0.000000000E+00 0.000000000E+00
 0.000000000E+00 0.000000000E+00 0.000000000E+00 0.000000000E+00 2.760000000E-01
SOLESOLB.1.I1           0.000000 0.000000000E+00 0.000000000E+00 0.000000000E+00 0.000000000E+00                   5.000000000E-03
 0.000000000E+00 0.000000000E+00 0.000000000E+00 0.000000000E+00 0.000000000E+00
 1.210051123E+01 2.867064923E+01 5.615478231E-01 0.000000000E+00 0.000000000E+00
 1.210051123E+01 2.867064923E+01 5.615478231E-01 0.000000000E+00 0.000000000E+00
 0.000000000E+00 0.000000000E+00 0.000000000E+00 0.000000000E+00 2.760000000E-01
QUADQLN.23.I1           0.050000 0.000000000E+00 0.000000000E+00 0.000000000E+00 0.000000000E+00                   5.000000000E-03
 0.000000000E+00 0.000000000E+00 0.000000000E+00 0.000000000E+00 0.000000000E+00
 1.184341490E+01 2.747345293E+01 5.618313635E-01 0.000000000E+00 0.000000000E+00
 1.184341490E+01 2.747345293E+01 5.618313635E-01 0.000000000E+00 0.000000000E+00
 0.000000000E+00 0.000000000E+00 0.000000000E+00 0.000000000E+00 3.260000000E-01
QUADQLS.23.I1           0.050000 0.000000000E+00 0.000000000E+00 0.000000000E+00 0.000000000E+00                   5.000000000E-03
 7.853981634E-01 0.000000000E+00 0.000000000E+00 0.000000000E+00 0.000000000E+00
 1.158631857E+01 2.630196625E+01 5.621273962E-01 0.000000000E+00 0.000000000E+00
 1.158631857E+01 2.630196625E+01 5.621273962E-01 0.000000000E+00 0.000000000E+00
 0.000000000E+00 0.000000000E+00 0.000000000E+00 0.000000000E+00 3.760000000E-01
DRIFD0169               0.169000 0.000000000E+00 0.000000000E+00 0.000000000E+00 0.000000000E+00                   5.000000000E-03
 0.000000000E+00 0.000000000E+00 0.000000000E+00 0.000000000E+00 0.000000000E+00
 1.071733299E+01 2.253264914E+01 5.632322634E-01 0.000000000E+00 0.000000000E+00
 1.071733299E+01 2.253264914E+01 5.632322634E-01 0.000000000E+00 0.000000000E+00
 0.000000000E+00 0.000000000E+00 0.000000000E+00 0.000000000E+00 5.450000000E-01
DRIFD0047               0.047000 0.000000000E+00 0.000000000E+00 0.000000000E+00 0.000000000E+00                   5.000000000E-03
 0.000000000E+00 0.000000000E+00 0.000000000E+00 0.000000000E+00 0.000000000E+00
 1.047566244E+01 2.153657835E+01 5.635718291E-01 0.000000000E+00 0.000000000E+00
 1.047566244E+01 2.153657835E+01 5.635718291E-01 0.000000000E+00 0.000000000E+00
 0.000000000E+00 0.000000000E+00 0.000000000E+00 0.000000000E+00 5.920000000E-01
HKICCKX.I1              0.025000 0.000000000E+00 0.000000000E+00 0.000000000E+00 0.000000000E+00                   5.000000000E-03
 0.000000000E+00 0.000000000E+00 0.000000000E+00 0.000000000E+00 0.000000000E+00
 1.034711428E+01 2.101600894E+01 5.637588529E-01 0.000000000E+00 0.000000000E+00
 1.034711428E+01 2.101600894E+01 5.637588529E-01 0.000000000E+00 0.000000000E+00
 0.000000000E+00 0.000000000E+00 0.000000000E+00 0.000000000E+00 6.170000000E-01
VKICCKY.I1              0.025000 0.000000000E+00 0.000000000E+00 0.000000000E+00 0.000000000E+00                   5.000000000E-03
 0.000000000E+00 0.000000000E+00 0.000000000E+00 0.000000000E+00 0.000000000E+00
 1.021856612E+01 2.050186693E+01 5.639505380E-01 0.000000000E+00 0.000000000E+00
 1.021856612E+01 2.050186693E+01 5.639505380E-01 0.000000000E+00 0.000000000E+00
 0.000000000E+00 0.000000000E+00 0.000000000E+00 0.000000000E+00 6.420000000E-01
DRIFD0108               0.108000 0.000000000E+00 0.000000000E+00 0.000000000E+00 0.000000000E+00                   5.000000000E-03
 0.000000000E+00 0.000000000E+00 0.000000000E+00 0.000000000E+00 0.000000000E+00
 9.663238051E+00 1.835463208E+01 5.648366254E-01 0.000000000E+00 0.000000000E+00
 9.663238051E+00 1.835463208E+01 5.648366254E-01 0.000000000E+00 0.000000000E+00
 0.000000000E+00 0.000000000E+00 0.000000000E+00 0.000000000E+00 7.500000000E-01
VKICKDC.I1              0.200000 0.000000000E+00 0.000000000E+00 0.000000000E+00 0.000000000E+00                   5.000000000E-03
 0.000000000E+00 0.000000000E+00 0.000000000E+00 0.000000000E+00 0.000000000E+00
 8.634852745E+00 1.469501392E+01 5.667748452E-01 0.000000000E+00 0.000000000E+00
 8.634852745E+00 1.469501392E+01 5.667748452E-01 0.000000000E+00 0.000000000E+00
 0.000000000E+00 0.000000000E+00 0.000000000E+00 0.000000000E+00 9.500000000E-01
DRIFD0003               0.003000 0.000000000E+00 0.000000000E+00 0.000000000E+00 0.000000000E+00                   5.000000000E-03
 0.000000000E+00 0.000000000E+00 0.000000000E+00 0.000000000E+00 0.000000000E+00
 8.619426966E+00 1.464325108E+01 5.668073942E-01 0.000000000E+00 0.000000000E+00
 8.619426966E+00 1.464325108E+01 5.668073942E-01 0.000000000E+00 0.000000000E+00
 0.000000000E+00 0.000000000E+00 0.000000000E+00 0.000000000E+00 9.530000000E-01
HKICCKX.I1              0.025000 0.000000000E+00 0.000000000E+00 0.000000000E+00 0.000000000E+00                   5.000000000E-03
 0.000000000E+00 0.000000000E+00 0.000000000E+00 0.000000000E+00 0.000000000E+00
 8.490878802E+00 1.421549343E+01 5.670831729E-01 0.000000000E+00 0.000000000E+00
 8.490878802E+00 1.421549343E+01 5.670831729E-01 0.000000000E+00 0.000000000E+00
 0.000000000E+00 0.000000000E+00 0.000000000E+00 0.000000000E+00 9.780000000E-01
VKICCKY.I1              0.025000 0.000000000E+00 0.000000000E+00 0.000000000E+00 0.000000000E+00                   5.000000000E-03
 0.000000000E+00 0.000000000E+00 0.000000000E+00 0.000000000E+00 0.000000000E+00
 8.362330639E+00 1.379416320E+01 5.673673124E-01 0.000000000E+00 0.000000000E+00
 8.362330639E+00 1.379416320E+01 5.673673124E-01 0.000000000E+00 0.000000000E+00
 0.000000000E+00 0.000000000E+00 0.000000000E+00 0.000000000E+00 1.003000000E+00
DRIFD0047               0.047000 0.000000000E+00 0.000000000E+00 0.000000000E+00 0.000000000E+00                   5.000000000E-03
 0.000000000E+00 0.000000000E+00 0.000000000E+00 0.000000000E+00 0.000000000E+00
 8.120660092E+00 1.301946263E+01 5.679254930E-01 0.000000000E+00 0.000000000E+00
 8.120660092E+00 1.301946263E+01 5.679254930E-01 0.000000000E+00 0.000000000E+00
 0.000000000E+00 0.000000000E+00 0.000000000E+00 0.000000000E+00 1.050000000E+00
MONIBPMG.I1             0.000000 0.000000000E+00 0.000000000E+00 0.000000000E+00 0.000000000E+00                   5.000000000E-03
 0.000000000E+00 0.000000000E+00 0.000000000E+00 0.000000000E+00 0.000000000E+00
 8.120660092E+00 1.301946263E+01 5.679254930E-01 0.000000000E+00 0.000000000E+00
 8.120660092E+00 1.301946263E+01 5.679254930E-01 0.000000000E+00 0.000000000E+00
 0.000000000E+00 0.000000000E+00 0.000000000E+00 0.000000000E+00 1.050000000E+00
DRIFD0150               0.150000 0.000000000E+00 0.000000000E+00 0.000000000E+00 0.000000000E+00                   5.000000000E-03
 0.000000000E+00 0.000000000E+00 0.000000000E+00 0.000000000E+00 0.000000000E+00
 7.349371112E+00 1.069895795E+01 5.699483063E-01 0.000000000E+00 0.000000000E+00
 7.349371112E+00 1.069895795E+01 5.699483063E-01 0.000000000E+00 0.000000000E+00
 0.000000000E+00 0.000000000E+00 0.000000000E+00 0.000000000E+00 1.200000000E+00
MARKSCRN.I1             0.000000 0.000000000E+00 0.000000000E+00 0.000000000E+00 0.000000000E+00                   5.000000000E-03
 0.000000000E+00 0.000000000E+00 0.000000000E+00 0.000000000E+00 0.000000000E+00
 7.349371112E+00 1.069895795E+01 5.699483063E-01 0.000000000E+00 0.000000000E+00
 7.349371112E+00 1.069895795E+01 5.699483063E-01 0.000000000E+00 0.000000000E+00
 0.000000000E+00 0.000000000E+00 0.000000000E+00 0.000000000E+00 1.200000000E+00
MARKFCUP.I1             0.000000 0.000000000E+00 0.000000000E+00 0.000000000E+00 0.000000000E+00                   5.000000000E-03
 0.000000000E+00 0.000000000E+00 0.000000000E+00 0.000000000E+00 0.000000000E+00
 7.349371112E+00 1.069895795E+01 5.699483063E-01 0.000000000E+00 0.000000000E+00
 7.349371112E+00 1.069895795E+01 5.699483063E-01 0.000000000E+00 0.000000000E+00
 0.000000000E+00 0.000000000E+00 0.000000000E+00 0.000000000E+00 1.200000000E+00
DRIFD01988              0.198782 0.000000000E+00 0.000000000E+00 0.000000000E+00 0.000000000E+00                   5.000000000E-03
 0.000000000E+00 0.000000000E+00 0.000000000E+00 0.000000000E+00 0.000000000E+00
 6.327248673E+00 7.980292117E+00 5.733724388E-01 0.000000000E+00 0.000000000E+00
 6.327248673E+00 7.980292117E+00 5.733724388E-01 0.000000000E+00 0.000000000E+00
 0.000000000E+00 0.000000000E+00 0.000000000E+00 0.000000000E+00 1.398782000E+00
MARKENSUB.G1.I1         0.000000 0.000000000E+00 0.000000000E+00 0.000000000E+00 0.000000000E+00                   5.000000000E-03
 0.000000000E+00 0.000000000E+00 0.000000000E+00 0.000000000E+00 0.000000000E+00
 6.327248673E+00 7.980292117E+00 5.733724388E-01 0.000000000E+00 0.000000000E+00
 6.327248673E+00 7.980292117E+00 5.733724388E-01 0.000000000E+00 0.000000000E+00
 0.000000000E+00 0.000000000E+00 0.000000000E+00 0.000000000E+00 1.398782000E+00
MARKSTSUB.G1D.I1        0.000000 0.000000000E+00 0.000000000E+00 0.000000000E+00 0.000000000E+00                   5.000000000E-03
 0.000000000E+00 0.000000000E+00 0.000000000E+00 0.000000000E+00 0.000000000E+00
 6.327248673E+00 7.980292117E+00 5.733724388E-01 0.000000000E+00 0.000000000E+00
 6.327248673E+00 7.980292117E+00 5.733724388E-01 0.000000000E+00 0.000000000E+00
 0.000000000E+00 0.000000000E+00 0.000000000E+00 0.000000000E+00 1.398782000E+00
SBENBK.1.I1             0.300000 1.047197551E+00 0.000000000E+00 0.000000000E+00 0.000000000E+00                   5.000000000E-03
 0.000000000E+00 0.000000000E+00 0.000000000E+00 0.000000000E+00 0.000000000E+00
 8.260732119E+00 7.417943146E-01 5.896297142E-01 1.439934136E-01 8.705838732E-01
 4.784670713E+00 4.646716302E+00 5.812163875E-01 0.000000000E+00 0.000000000E+00
 0.000000000E+00 0.000000000E+00 0.000000000E+00 0.000000000E+00 1.698782000E+00
DRIFD02335              0.233520 0.000000000E+00 0.000000000E+00 0.000000000E+00 0.000000000E+00                   5.000000000E-03
 0.000000000E+00 0.000000000E+00 0.000000000E+00 0.000000000E+00 0.000000000E+00
-1.353621791E+01 1.973725758E+00 1.058720170E+00 3.472921596E-01 8.705838732E-01
 3.583928030E+00 2.692481123E+00 5.917314242E-01 0.000000000E+00 0.000000000E+00
 0.000000000E+00 0.000000000E+00 0.000000000E+00 0.000000000E+00 1.932302000E+00
MARKFCUP.I1             0.000000 0.000000000E+00 0.000000000E+00 0.000000000E+00 0.000000000E+00                   5.000000000E-03
 0.000000000E+00 0.000000000E+00 0.000000000E+00 0.000000000E+00 0.000000000E+00
-1.353621791E+01 1.973725758E+00 1.058720170E+00 3.472921596E-01 8.705838732E-01
 3.583928030E+00 2.692481123E+00 5.917314242E-01 0.000000000E+00 0.000000000E+00
 0.000000000E+00 0.000000000E+00 0.000000000E+00 0.000000000E+00 1.932302000E+00
MARKSCRN.I1             0.000000 0.000000000E+00 0.000000000E+00 0.000000000E+00 0.000000000E+00                   5.000000000E-03
 0.000000000E+00 0.000000000E+00 0.000000000E+00 0.000000000E+00 0.000000000E+00
-1.353621791E+01 1.973725758E+00 1.058720170E+00 3.472921596E-01 8.705838732E-01
 3.583928030E+00 2.692481123E+00 5.917314242E-01 0.000000000E+00 0.000000000E+00
 0.000000000E+00 0.000000000E+00 0.000000000E+00 0.000000000E+00 1.932302000E+00
DRIFD0088               0.088000 0.000000000E+00 0.000000000E+00 0.000000000E+00 0.000000000E+00                   5.000000000E-03
 0.000000000E+00 0.000000000E+00 0.000000000E+00 0.000000000E+00 0.000000000E+00
-2.175021073E+01 5.078931479E+00 1.063144313E+00 4.239035405E-01 8.705838732E-01
 3.131438495E+00 2.101528869E+00 5.976206459E-01 0.000000000E+00 0.000000000E+00
 0.000000000E+00 0.000000000E+00 0.000000000E+00 0.000000000E+00 2.020302000E+00
MONIBPMG.I1             0.000000 0.000000000E+00 0.000000000E+00 0.000000000E+00 0.000000000E+00                   5.000000000E-03
 0.000000000E+00 0.000000000E+00 0.000000000E+00 0.000000000E+00 0.000000000E+00
-2.175021073E+01 5.078931479E+00 1.063144313E+00 4.239035405E-01 8.705838732E-01
 3.131438495E+00 2.101528869E+00 5.976206459E-01 0.000000000E+00 0.000000000E+00
 0.000000000E+00 0.000000000E+00 0.000000000E+00 0.000000000E+00 2.020302000E+00
DRIFD0100               0.100000 0.000000000E+00 0.000000000E+00 0.000000000E+00 0.000000000E+00                   5.000000000E-03
 0.000000000E+00 0.000000000E+00 0.000000000E+00 0.000000000E+00 0.000000000E+00
-3.108429348E+01 1.036238190E+01 1.065338219E+00 5.109619278E-01 8.705838732E-01
 2.617245842E+00 1.526660435E+00 6.065107550E-01 0.000000000E+00 0.000000000E+00
 0.000000000E+00 0.000000000E+00 0.000000000E+00 0.000000000E+00 2.120302000E+00
MARKFCUP.I1             0.000000 0.000000000E+00 0.000000000E+00 0.000000000E+00 0.000000000E+00                   5.000000000E-03
 0.000000000E+00 0.000000000E+00 0.000000000E+00 0.000000000E+00 0.000000000E+00
-3.108429348E+01 1.036238190E+01 1.065338219E+00 5.109619278E-01 8.705838732E-01
 2.617245842E+00 1.526660435E+00 6.065107550E-01 0.000000000E+00 0.000000000E+00
 0.000000000E+00 0.000000000E+00 0.000000000E+00 0.000000000E+00 2.120302000E+00
MARKENSUB.G1D.I1        0.000000 0.000000000E+00 0.000000000E+00 0.000000000E+00 0.000000000E+00                   5.000000000E-03
 0.000000000E+00 0.000000000E+00 0.000000000E+00 0.000000000E+00 0.000000000E+00
-3.108429348E+01 1.036238190E+01 1.065338219E+00 5.109619278E-01 8.705838732E-01
 2.617245842E+00 1.526660435E+00 6.065107550E-01 0.000000000E+00 0.000000000E+00
 0.000000000E+00 0.000000000E+00 0.000000000E+00 0.000000000E+00 2.120302000E+00
 0.000000000E+00 0.000000000E+00 2.120302000E+00
-2.251385509E+00 1.065338219E+00-2.328540992E-02 3.574182283E+01 5.109619278E-01
 1.000000000E+00 6.065107550E-01-2.730566175E-01 3.574182283E+01 0.000000000E+00
